image_00000 528 403 572 450
image_00001 528 403 572 450
image_00002 527 401 572 449
image_00003 529 401 568 448
image_00004 526 400 572 451
image_00005 525 398 575 452
image_00006 528 394 572 450
image_00007 526 397 572 451
image_00008 528 397 572 453
image_00009 525 396 576 457
image_00010 521 395 575 458
image_00011 523 394 574 457
image_00012 519 395 574 457
image_00013 519 366 576 457
image_00014 519 365 583 459
image_00015 521 360 595 459
image_00016 519 362 586 461
image_00017 521 367 595 460
image_00018 527 369 606 461
image_00019 519 371 607 462
image_00020 519 367 600 461
image_00021 515 370 605 463
image_00022 515 374 606 462
image_00023 515 371 609 461
image_00024 515 370 611 463
image_00025 515 369 608 464
image_00026 514 376 608 463
image_00027 510 369 609 465
image_00028 511 373 615 463
image_00029 549 371 614 467
image_00030 544 372 612 465
image_00031 550 372 614 466
image_00032 547 369 611 467
image_00033 557 359 605 467
image_00034 557 361 613 469
image_00035 560 359 612 471
image_00036 559 358 626 467
image_00037 554 355 626 471
image_00038 559 356 627 470
image_00039 555 362 624 469
image_00040 555 361 628 472
image_00041 554 361 628 470
image_00042 551 359 628 474
image_00043 545 363 627 473
image_00044 550 365 630 470
image_00045 547 364 622 470
image_00046 548 364 626 468
image_00047 569 365 631 419
image_00048 574 366 629 417
image_00049 576 363 627 414
image_00050 579 365 623 411
image_00051 582 366 624 408
image_00052 583 371 625 413
image_00053 586 366 627 410
image_00054 586 371 625 406
image_00055 589 370 623 403
image_00056 593 371 625 403
image_00057 597 370 621 400
image_00058 597 362 624 401
image_00059 596 366 621 398
image_00060 596 367 620 397
image_00061 596 364 619 397
image_00062 596 361 618 395
image_00063 595 363 618 395
